HVC213643	test14_kf\HVC213643\	51,124;50,73,78,97;43,70,178
HVC224951	test14_kf\HVC224951\	1,4,10,11;2,3,5,6,7,9;8
HVC219648	test14_kf\HVC219648\	12;4,13;5,10,11
HVC219489	test14_kf\HVC219489\	24;12;10,13
HVC219539	test14_kf\HVC219539\	3,10;15;2
HVC223378	test14_kf\HVC223378\	45;52,53;20,21,22
HVC213587	test14_kf\HVC213587\	144;96,137,143;99
HVC814924	test14_kf\HVC814924\	29;35;19
HVC146221	test14_kf\HVC146221\	12,15;2;26,27
HVC219512	test14_kf\HVC219512\	13;3;8
HVC426509	test11_kf\HVC426509\	73;153,154;58,59
HVC466145	test11_kf\HVC466145\	8;43;80
HVC153608	test11_kf\HVC153608\	30;31;103
HVC456791	test11_kf\HVC456791\	19,28;76,85,96,97,121,122,127,134,135,136,154,155;111
HVC572829	test11_kf\HVC572829\	2;34;7
HVC981270	test11_kf\HVC981270\	25;72;52
HVC870279	test11_kf\HVC870279\	59;75;42
HVC461077	test11_kf\HVC461077\	81;70;52
HVC302877	test11_kf\HVC302877\	25,26,27,28,29,30,31,32;19;18
HVC747212	test11_kf\HVC747212\	11;28;12
HVC053349	test11_kf\HVC053349\	88;49;96
HVC028175	test11_kf\HVC028175\	22;36;85
HVC995644	test11_kf\HVC995644\	47;9;20
HVC517483	test11_kf\HVC517483\	37,39,40,41,42,45,46,47,48,50,51,56,57;6,35,38,43,44,49,52,54,55,61;5,20,23,58
HVC459483	test11_kf\HVC459483\	15;28;17
HVC296429	test11_kf\HVC296429\	224,225,226,248;139,142,143,144,145,146,147,148,149,150,151,152,153,154,155,156,157,158,159,160,161,162,163,164,165,166,167,168,169,170,171,172,173,174,175,176,177,178,191,221;79,81,89,99,137,275,276
