HVC911698	test14_kf\HVC911698\	9;10,11,13,14;19,20,21
HVC407866	test14_kf\HVC407866\	5;29,34,35,36;8,10,11
HVC276732	test14_kf\HVC276732\	9;14;23
HVC831714	test14_kf\HVC831714\	184;215,216,217;50,53,54,71,83,90,108,113,114,174,175,177,178,180,187,192,200,223,224,228,232,233,235,248
HVC984920	test14_kf\HVC984920\	212;207,211;59,60,61,66,67,68
HVC722279	test14_kf\HVC722279\	37,38;50;53
HVC229335	test14_kf\HVC229335\	60;8,9,10,11,19,22;24
HVC228685	test14_kf\HVC228685\	49;58;95,99
HVC227599	test14_kf\HVC227599\	39;31;38,40
HVC782499	test14_kf\HVC782499\	107;81;7,27,28,29,30,31,60,61
HVC745680	test11_kf\HVC745680\	3;32;31
HVC572430	test11_kf\HVC572430\	154,155;76,80,82,83,197;17,23,24,25,87,89,107,142,150,151,152,164,180,188,195,211
HVC245132	test11_kf\HVC245132\	137;119,120,136;9,11,25
HVC554587	test11_kf\HVC554587\	24,25;23;42
HVC786988	test11_kf\HVC786988\	107;106;26,27,28
HVC597836	test11_kf\HVC597836\	27;44;1,36
HVC674894	test11_kf\HVC674894\	11,59;58;28
HVC118559	test11_kf\HVC118559\	8,9,10,11;23,37;20
HVC401988	test11_kf\HVC401988\	1;8,11;5,6
HVC631003	test11_kf\HVC631003\	3;2;1
HVC600060	test11_kf\HVC600060\	37;5,6;4
HVC817224	test11_kf\HVC817224\	36,37;22,25,30;32,38
HVC525814	test11_kf\HVC525814\	36;23;35
HVC725066	test11_kf\HVC725066\	48,49,50,51,52,56,60,61,62,88,89,90,91,92,93,94,95,96,97,98,99,100,101,102,103;114;8,14,15,16,17,18,19,20,21,22,23,24,25,26,27,28,29,30,31,32,33,34,35,36,37,38,39,40,41,42,43,44,104,105,106
HVC199319	test11_kf\HVC199319\	69,72,73;63;62,100,103,197,198
HVC845277	test11_kf\HVC845277\	89;77;93,94,96,97
