HVC949106	test14_kf\HVC949106\	5,248;2,7,116,117,141,250,287;3
HVC235825	test14_kf\HVC235825\	29;60;1
HVC253267	test14_kf\HVC253267\	27;4;30,37
HVC910164	test14_kf\HVC910164\	3;2;10
HVC256806	test14_kf\HVC256806\	6,7,8,11;10;14
HVC403565	test14_kf\HVC403565\	40;143;24
HVC940782	test14_kf\HVC940782\	73;104,119,123;71,120
HVC993714	test14_kf\HVC993714\	7;8;28
HVC838530	test14_kf\HVC838530\	48;10;11
HVC244681	test14_kf\HVC244681\	124;2,25,30,89,98,99,101,102,104,105,106,107,108;33,34,35,36,37,39,41,43,45,46,87,103,110,122,131,138
HVC235804	test14_kf\HVC235804\	50,51,52,53,54,55,57,58,59;40,41,42,60;22,23,24,25,26
HVC244930	test14_kf\HVC244930\	19;12;14,15,17,18
HVC254052	test14_kf\HVC254052\	9;11;91,92
HVC500463	test14_kf\HVC500463\	22;20;26
HVC367636	test11_kf\HVC367636\	99,100;135,136;117
HVC896286	test14_kf\HVC896286\	78;15,16;8
HVC333384	test11_kf\HVC333384\	6;2;7,8
HVC598832	test11_kf\HVC598832\	19,20;23;21
HVC438478	test11_kf\HVC438478\	4,5;3;39
HVC839862	test11_kf\HVC839862\	1;49;50
HVC244765	test14_kf\HVC244765\	27;48,49;40,42
HVC421253	test11_kf\HVC421253\	37,38,39,68,69;33,34,40,41,42,43,44,45,46,47,48,60,62,63,64,65,66,160,161,162,164,165;67,113,115,116,117,118,119,120,121,122,124,125
HVC655267	test11_kf\HVC655267\	1,2,3,8;4,6;5
HVC698586	test11_kf\HVC698586\	58;66,104,117;52
HVC185140	test14_kf\HVC185140\	8;4,11;6
HVC697180	test11_kf\HVC697180\	48;65;47,67,68
