HVC278927	test14_kf\HVC278927\	2,8,11,16;5,6,7;18,19,20,21,22,23,24,25,26,27,28
HVC503212	test14_kf\HVC503212\	28;27;26
HVC242904	test14_kf\HVC242904\	42;20,36;8
HVC571453	test14_kf\HVC571453\	5,71,72,73,74,75,76;7;23,24,26,27,30,31,46,50
HVC229965	test14_kf\HVC229965\	4,7;23;5,9,10,14,15,20,29,33
HVC246184	test14_kf\HVC246184\	11,13,27,28,29,30,31,43,44,45,46,47,48,49,50,51,52,53,54,55,56;8,9,10,12,14,15,16,17,18,19,20;2,3,4,5,6,7
HVC240361	test14_kf\HVC240361\	1,2,3,8,24,25,26,31,32,33,34,35,36,37,38,39,40,43;27,28,29,30,41,42;5,7,9,10,11,13
HVC240346	test14_kf\HVC240346\	1;2;3
HVC817122	test14_kf\HVC817122\	3,4,5,6,8;1,2,7,9,10
HVC240137	test14_kf\HVC240137\	25;14,17,20,23,44;5,7,18,24,26,32,33
HVC639129	test11_kf\HVC639129\	45;18,19,20;6
HVC676500	test11_kf\HVC676500\	16;15;14
HVC425919	test11_kf\HVC425919\	1,2,3,13;4,6,7;12
HVC584682	test11_kf\HVC584682\	1,2;45,46;12
HVC606756	test11_kf\HVC606756\	93;30;33
HVC561320	test11_kf\HVC561320\	17;18;10
HVC919916	test11_kf\HVC919916\	45;44;46
HVC444844	test11_kf\HVC444844\	82;79,80;81,83,86
HVC496938	test11_kf\HVC496938\	13,14;5,6,18,20,21;4,7,12,15,16,23
HVC783937	test11_kf\HVC783937\	14;20;16
HVC176521	test11_kf\HVC176521\	20;22;16,21
HVC290828	test11_kf\HVC290828\	14;11,16;12,15,17
HVC832397	test11_kf\HVC832397\	7;4;9
HVC676370	test11_kf\HVC676370\	39;28,38;29,37
HVC491816	test11_kf\HVC491816\	43,52,53,54,55;44,48,56,57,58,59,60;49,50,51
HVC958776	test11_kf\HVC958776\	1,2,3,4;5,6;11
