HVC905061	test14_kf\HVC905061\	7;9;4,8,11
HVC232668	test14_kf\HVC232668\	16,35,64;6,12;5,17,50,53,54,55
HVC297537	test14_kf\HVC297537\	24;39,56,57;23,25
HVC983987	test14_kf\HVC983987\	63,148;46,77,113;31,83,101
HVC778614	test14_kf\HVC778614\	5;10,55,58;59
HVC803301	test14_kf\HVC803301\	11;10,13,14,15;5,6,7,8,9
HVC232833	test14_kf\HVC232833\	2,3,4,5,6,7,8,16;14,15;10,12
HVC779795	test14_kf\HVC779795\	15;16;17
HVC760038	test14_kf\HVC760038\	1,5,6,7,8,10,11,12,13,17;9;18
HVC397699	test14_kf\HVC397699\	54;132;59
HVC794134	test11_kf\HVC794134\	10;39;12,13,30
HVC976096	test11_kf\HVC976096\	8;1,2,3,4,5,6,7,9;10,11
HVC700886	test11_kf\HVC700886\	26;17;16,18,20
HVC965053	test11_kf\HVC965053\	4;5;8
HVC473381	test11_kf\HVC473381\	38,39,40,42,43;1,30,31;32,35,36
HVC360186	test11_kf\HVC360186\	6;3;4
HVC867460	test11_kf\HVC867460\	11;10;1,2,3,4,5,6
HVC804115	test11_kf\HVC804115\	8,9;7;3,4,5
HVC559291	test11_kf\HVC559291\	8;10;5
HVC265315	test11_kf\HVC265315\	6,7;4,5;2
HVC059408	test11_kf\HVC059408\	7;1,2,3,4,5,6;8
HVC094593	test11_kf\HVC094593\	6,9;7,8;1
HVC465848	test11_kf\HVC465848\	7;10;5,6,11
HVC921122	test11_kf\HVC921122\	5;7;1,6
HVC147344	test11_kf\HVC147344\	4,7,8;16,17;14,15
HVC918492	test11_kf\HVC918492\	1,8,9;3;2
