HVC314924	test14_kf\HVC314924\	14,15,16,17,18,19,20,21,22;112;109,110
HVC208574	test14_kf\HVC208574\	32,33,34,35,37;30,31,36,38,39,40,44;108,118,119
HVC065998	test14_kf\HVC065998\	49,50,51;42,43,44,45,46,47,48;40,41
HVC823796	test14_kf\HVC823796\	367;1,2,3,4,5,6,7,8,9,10,11,12,13,14,15,16,17,18,19,20,21,22,23;32,45,48,57,125,132,133,199,200,204,375
HVC231159	test14_kf\HVC231159\	8,9;214,215,216,217;137,138,139,232
HVC645401	test11_kf\HVC645401\	40,41,42;38,39;44
HVC818624	test14_kf\HVC818624\	30,36,37,38,39,40,41,42,43,44,45,46,47;6,17,18;20
HVC578877	test11_kf\HVC578877\	22;32;30
HVC291708	test14_kf\HVC291708\	102,112;101,103,104,105,106,108;49,50,51,52
HVC717049	test11_kf\HVC717049\	56;57,58;41,42,43,48,49
HVC811330	test14_kf\HVC811330\	111;68,69,70,71,75,78;65,67,73,74,76
HVC351803	test14_kf\HVC351803\	50,51;23,24,25,49;21,22,26,44,45,46,47,48
HVC748611	test11_kf\HVC748611\	4;23;43
HVC452095	test11_kf\HVC452095\	27,28,30,33,34,35;38,39,40;36,37,43,46
HVC924066	test14_kf\HVC924066\	1,2,52,53,66,67,75,76,78,83;18,27,28,38,41,48,51,56,58;57,61,64,65,69,70,74,77,89
HVC870055	test11_kf\HVC870055\	5;14;4
HVC233173	test11_kf\HVC233173\	92;77;114,115
HVC814688	test11_kf\HVC814688\	28;27;24,25,29,30,42
HVC529779	test11_kf\HVC529779\	45,61,62;55;76,77
HVC265743	test14_kf\HVC265743\	92,93,94,95,96,97,99;75,76;84,85
HVC942135	test14_kf\HVC942135\	49;44;43,48,50
HVC245132	test11_kf\HVC245132\	122;137;119,120,136
HVC716530	test11_kf\HVC716530\	11,12;7;10
HVC619346	test11_kf\HVC619346\	29,30,31;12,13;20,21,22
HVC286848	test11_kf\HVC286848\	16,19;12,25;7,17
HVC929797	test11_kf\HVC929797\	102;141;134
