HVC785673	test11_kf\HVC785673\	43;46;48
HVC981730	test11_kf\HVC981730\	143,191,192,200,204,208;157,158,159,160,193,194,195,196;156,161,199,201,202
HVC603934	test11_kf\HVC603934\	24,26;23;83
HVC306319	test11_kf\HVC306319\	79;80;38,39
HVC877032	test14_kf\HVC877032\	30;86;73,74,75
HVC386508	test11_kf\HVC386508\	33,34;35,36;31,32
HVC526825	test14_kf\HVC526825\	2,14;1,11,61,62,63,64,101,102,139;52,53,125,126,166
HVC992885	test14_kf\HVC992885\	19,57;21,54;49
HVC747000	test14_kf\HVC747000\	33;16,34;22
HVC902396	test11_kf\HVC902396\	26;34;6
HVC472257	test11_kf\HVC472257\	31;43,46;30
HVC119933	test14_kf\HVC119933\	9,17;11;15
HVC445713	test11_kf\HVC445713\	28,31;39;38
HVC058771	test14_kf\HVC058771\	5,45;60;24,44
HVC856017	test11_kf\HVC856017\	55,56,57,58;43,44,45;91,95,96
HVC844816	test11_kf\HVC844816\	5;4;42
HVC672821	test14_kf\HVC672821\	35;71,72;91
HVC802302	test11_kf\HVC802302\	7;1,2;4,5,6,8
HVC857305	test14_kf\HVC857305\	18;17,38;20,45
HVC047611	test14_kf\HVC047611\	26;10,11,23;25,27
HVC601840	test11_kf\HVC601840\	70;6;30,59
HVC984410	test14_kf\HVC984410\	20,32;21;3
HVC299390	test11_kf\HVC299390\	33,45,62,63,65,66;37,64,67;25,61
HVC942559	test11_kf\HVC942559\	23;22;21
HVC836582	test14_kf\HVC836582\	11,15;8;10
HVC869369	test11_kf\HVC869369\	13,29;12,19,20,21,27;41,42
