HVC168555	test14_kf\HVC168555\	32,33;52,72,73;75
HVC135920	test14_kf\HVC135920\	14,18,19,20,22,25,26,27,28,29,30,31,32,33,34,38,40,49;10,13,15,16,17,63;11,12
HVC158454	test14_kf\HVC158454\	2;50;40,41,42
HVC372919	test14_kf\HVC372919\	125,126;124,128;129,152
HVC147882	test14_kf\HVC147882\	72,73,74,78;67,68;75,76,77,79,80,81,82,83,84,85,86
HVC944300	test14_kf\HVC944300\	32;3,4,5,6,7,9,18,19,27,30,31,33,34,35,36;28,29
HVC150872	test14_kf\HVC150872\	77,78,79,101,103,140;73,96,97,100,161;62,63,64,65,66,67,68,69,70,71,72,74,75,76,81,82,83,84,85,87,88,89,90,94,95,98,102,149,163,164
HVC168179	test14_kf\HVC168179\	1,2,3,4,5,6,7,8,9,10,11,12,13,14,15,16,17,18,19,20,21,22,23,24,25,26,27,28,29,30,31,32,33,34,35,36,37,38,39,40,41,42,43,44,45;46;47,48
HVC168342	test14_kf\HVC168342\	25;49;27
HVC140698	test14_kf\HVC140698\	34,35;24;36,37,45
HVC405135	test11_kf\HVC405135\	117;114,115;64
HVC119623	test11_kf\HVC119623\	9;14;39
HVC278732	test11_kf\HVC278732\	6;24,30;34,37
HVC149530	test11_kf\HVC149530\	13,17;2,3,5;1,4,12
HVC148481	test11_kf\HVC148481\	94;71;26,27
HVC480372	test11_kf\HVC480372\	13,14,15;1,2;16,17,18,19
HVC906541	test11_kf\HVC906541\	57,61,66;116;59,67
HVC863445	test11_kf\HVC863445\	3;2,6,7,8,9,10;11
HVC676649	test11_kf\HVC676649\	13,14,15,16,17;10,11;12
HVC146112	test11_kf\HVC146112\	12;3;13
HVC819809	test11_kf\HVC819809\	7;35,36,42;23
HVC998132	test11_kf\HVC998132\	15,16;14;13,17,49
HVC243166	test11_kf\HVC243166\	111;109,110;107
HVC879486	test11_kf\HVC879486\	19,20;11,12,13,14,17,18;3,4,5
HVC550877	test11_kf\HVC550877\	42;41;43
HVC381061	test11_kf\HVC381061\	41,48,50,51,52,56;43,44,45,46;22
