HVC775713	test14_kf\HVC775713\	6,7,8,9,10,11,12,13,14,15,16,17,18,19,20,21,22,23,24,26,27,28,39,40,41,42,43,44,45;25,46,47,48,49,50,51,52,53,54,55,56,57,58,59,60,61,62,63,64,65,66,67,68,69;1,2,29,30,31,32,33,34,36,38
HVC983715	test14_kf\HVC983715\	16,17;12,13,14,25;1
HVC825709	test14_kf\HVC825709\	1,2,3,4,5,6,7,8,9,10,11,12,13,14,15,16,17,18,19,20,21,22,23,24,25,26,27,28,29,38,39,40,41,43,44;30,31,32,33,34,35,36,37,42,45,46,47,48,49
HVC833931	test14_kf\HVC833931\	16;1;9,11
HVC746840	test14_kf\HVC746840\	9;8;11
HVC178264	test14_kf\HVC178264\	167,168,169,170,171,172;98,138,139,140,141;86,112,114,115,116,117,121,142,145,146,147
HVC866658	test14_kf\HVC866658\	3,11;2;1
HVC339148	test14_kf\HVC339148\	15,73,74,75,76,77;79;18
HVC788687	test14_kf\HVC788687\	41,42,43;44;8
HVC874251	test14_kf\HVC874251\	8;7;4,5,6
HVC511361	test11_kf\HVC511361\	81;10,27;24
HVC748556	test11_kf\HVC748556\	2;1;3
HVC320056	test11_kf\HVC320056\	52,58;36;32,55
HVC648612	test11_kf\HVC648612\	1,2,3,4;5,6,7,8,9,10,11,12,13,14;15
HVC467213	test11_kf\HVC467213\	37;41;14,15,16
HVC455997	test11_kf\HVC455997\	16;10,11,12,13;8,9
HVC446504	test11_kf\HVC446504\	3,5;6,7,8;1
HVC611805	test11_kf\HVC611805\	24;5,6,13;2
HVC567879	test11_kf\HVC567879\	10;8;3,4,5,6
HVC849018	test11_kf\HVC849018\	29;20;28
HVC305175	test11_kf\HVC305175\	61,62;37;36
HVC456791	test11_kf\HVC456791\	16,164;42,50,51,52,177;165
HVC249464	test11_kf\HVC249464\	8,9,10;6,17;18,26
HVC603251	test11_kf\HVC603251\	19;18;1,2,3,4,5
HVC441653	test11_kf\HVC441653\	62,69;58,59,60,61;64
HVC644266	test11_kf\HVC644266\	45,118;119;100,101,104,108,110
