HVC838285	test14_kf\HVC838285\	2,5,7,10,12,13,14;1;3,4,6,8,9,11
HVC149460	test14_kf\HVC149460\	12;2;1
HVC419125	test14_kf\HVC419125\	25;17,62;24
HVC847224	test14_kf\HVC847224\	12;11;14,15,17,18,19,20
HVC874724	test14_kf\HVC874724\	40;50;13
HVC412646	test14_kf\HVC412646\	45;11,44,54;15
HVC877436	test14_kf\HVC877436\	18,34;4;2,3,11,23,28
HVC305510	test14_kf\HVC305510\	50;55,57;71,72
HVC821538	test14_kf\HVC821538\	10,14;19,26;9,16,17,22
HVC325739	test14_kf\HVC325739\	13,20;7,21;31,32
HVC590856	test11_kf\HVC590856\	135;48;44
HVC636849	test11_kf\HVC636849\	17;54;38
HVC550230	test11_kf\HVC550230\	50;38;56
HVC388340	test11_kf\HVC388340\	95,119,121;133,151;65,66,67,122
HVC162222	test11_kf\HVC162222\	5,10;6;9
HVC716684	test11_kf\HVC716684\	20,78,81;48;55
HVC399377	test11_kf\HVC399377\	114,139;28,96;98
HVC168871	test11_kf\HVC168871\	1,2,3,4,5,6,7,8,9,10,11,12,13,14,15,16,17,18,19,20,21,22,23,24,25,26,27,28,29,30,31,32,33,34,35,36,37,38,39,40,41,42,43,44,45,46,47,48,49,50,51,52,53,54,55,56,57,58,59,60,71,81,83,102,125,129,132,164,170,171,172,173,174,175,176,177,178,179,180,181,182,183,184,185,186,187,188,189,190,191,192,193,194,195,196,197,198,199,200;161;77,78,79,127,130,146,159
HVC465662	test11_kf\HVC465662\	22,33,34;12,13,35;14,39
HVC360389	test11_kf\HVC360389\	6;8,9,10,23,51;1,2,4,5,11,15,16,17,19,20,26,27,48,50,65,69
HVC588049	test11_kf\HVC588049\	23,26;40,41,42,58;70
HVC140227	test11_kf\HVC140227\	32;14,15,17,21;27
HVC374845	test11_kf\HVC374845\	73,74;37,52;72,75
HVC880669	test11_kf\HVC880669\	108;107;88,90
HVC181889	test11_kf\HVC181889\	12;2,43;46,48,49
HVC864752	test11_kf\HVC864752\	10;11;19
