HVC780112	test14_kf\HVC780112\	55,59;56,60;18
HVC533303	test14_kf\HVC533303\	13;15;11
HVC304744	test14_kf\HVC304744\	7,28;29;8,26
HVC386202	test14_kf\HVC386202\	29;2;10
HVC776749	test14_kf\HVC776749\	18,19;16,24;10,22
HVC891717	test14_kf\HVC891717\	17;1;4
HVC321628	test14_kf\HVC321628\	16;14,15;2
HVC414055	test14_kf\HVC414055\	7,8;1,2;3,4
HVC374474	test14_kf\HVC374474\	30,31,51,52;18,19,20,22,23,24,25,26,27,28,29,35,39,45,53,54;17,21,37,38,42,43,44,48,49
HVC666594	test14_kf\HVC666594\	8;12;5,7
HVC333585	test11_kf\HVC333585\	82;50;35
HVC921757	test11_kf\HVC921757\	11;13;14
HVC151587	test11_kf\HVC151587\	14;28;6,11,12,13,15
HVC100148	test11_kf\HVC100148\	64;65;25
HVC488083	test11_kf\HVC488083\	14,15,16,17,20;1,2;13,18,19
HVC575091	test11_kf\HVC575091\	1,2,3,4,5,6,9,10,11,12,13,14,15,16,17,18,19,20,21,22,32,36,37,38,39,40,41,42,43,44,45,46,47,48,49,50,51,52,53;25,26,27,28;7,8,23,24,29,30,31,33,34,35
HVC169156	test11_kf\HVC169156\	17;1,2,3,4;5
HVC428524	test11_kf\HVC428524\	37,39,40,41,44;207;188,189,190
HVC438262	test11_kf\HVC438262\	36,37;12,13;39
HVC248535	test11_kf\HVC248535\	67,68;69,70;45
HVC086648	test11_kf\HVC086648\	12;2;1
HVC969667	test11_kf\HVC969667\	1,2,7;3,5;4
HVC488463	test11_kf\HVC488463\	19,29;26;22
HVC847110	test11_kf\HVC847110\	5;12;13,14
HVC512040	test11_kf\HVC512040\	2;8,20,21,22,23,24;7,19,26
HVC514637	test11_kf\HVC514637\	3;35,36,37,38,39;33,34
